Nome, Precision, Recall, Accuracy, F-score, Num linhas, Outliers, Neigbours 
000-20081023025304,0.9955156950672646,0.8222222222222222,0.8198529411764706,0.9006085192697769,907,6,4
000-20081024020959,0,0,0,0,0,0,0
000-20081026134407,0,0,0,0,0,0,0
000-20081027115449,1.0,0.7692307692307693,0.8,0.8695652173913044,49,5,3
000-20081028003826,0,0,0,0,0,0,0
000-20081029093038,0.9761904761904762,0.82,0.8148148148148148,0.8913043478260869,181,13,4
000-20081103232153,0,0,0,0,0,0,0
000-20081110013637,0,0,0,0,0,0,0
000-20081111001704,0,0,0,0,0,0,0
000-20081112023003,1.0,0.8762376237623762,0.8774509803921569,0.9340369393139842,680,8,11
000-20081112091400,0,0,0,0,0,0,0
000-20081113034608,1.0,0.7465753424657534,0.75,0.8549019607843137,493,5,11
000-20081114015255,0,0,0,0,0,0,0
000-20081114101436,0.9852941176470589,0.8170731707317073,0.8241758241758241,0.8933333333333334,304,31,3
000-20081115010133,0,0,0,0,0,0,0
000-20081117051133,0.9130434782608695,0.9545454545454546,0.875,0.9333333333333332,80,8,19
000-20081117155223,0.9333333333333333,1.0,0.9361702127659575,0.9655172413793104,313,32,18
000-20081118095005,1.0,0.25,0.3333333333333333,0.4,31,3,3
000-20081118095400,0,0,0,0,0,0,0
000-20081119012806,1.0,0.9090909090909091,0.9166666666666666,0.9523809523809523,80,8,3
000-20081119112035,0,0,0,0,0,0,0
000-20081120035736,0,0,0,0,0,0,0
000-20081121113038,1.0,0.25,0.3076923076923077,0.4,42,4,12
000-20081122012309,1.0,0.7777777777777778,0.782608695652174,0.8750000000000001,306,6,5
000-20081201111827,0,0,0,0,0,0,0
000-20081202071136,0.8571428571428571,1.0,0.8571428571428571,0.923076923076923,46,5,20
000-20081202071531,0,0,0,0,0,0,0
000-20081203032326,1.0,0.72,0.7307692307692307,0.8372093023255813,86,4,5
000-20081203151206,0,0,0,0,0,0,0
000-20081203234939,0,0,0,0,0,0,0
000-20081210023503,0,0,0,0,0,0,0
000-20081211121432,1.0,1.0,1.0,1.0,120,6,19
000-20081212042525,1.0,0.7319587628865979,0.7425742574257426,0.8452380952380951,337,14,4
000-20081212101236,0,0,0,0,0,0,0
000-20081214011036,0,0,0,0,0,0,0
000-20090330005208,1.0,0.8477157360406091,0.8492462311557789,0.9175824175824175,1327,12,8
000-20090331003904,0,0,0,0,0,0,0
000-20090401050607,0.9753086419753086,0.8449197860962567,0.8413461538461539,0.9054441260744985,692,69,3
000-20090401202331,0,0,0,0,0,0,0
000-20090402060732,0.9884615384615385,0.8595317725752508,0.8509933774834437,0.9194991055456171,1006,9,5
000-20090403011657,0,0,0,0,0,0,0
000-20090405051938,0.9636533084808947,0.9565217391304348,0.9283930058284763,0.9600742804085423,4003,401,13
000-20090406023702,0,0,0,0,0,0,0
000-20090409182800,0.9722222222222222,0.9722222222222222,0.95,0.9722222222222222,132,13,20
000-20090410021935,0.9606299212598425,0.9587426326129665,0.9275618374558304,0.95968534906588,1885,189,4
000-20090411052358,0,0,0,0,0,0,0
000-20090412004905,1.0,0.8648648648648649,0.8717948717948718,0.927536231884058,128,5,4
000-20090412073303,0,0,0,0,0,0,0
000-20090413050806,0,0,0,0,0,0,0
000-20090413144632,1.0,1.0,1.0,1.0,97,10,11
000-20090413213935,0,0,0,0,0,0,0
000-20090415000406,1.0,0.8571428571428571,0.8604651162790697,0.923076923076923,144,3,7
000-20090415074008,0,0,0,0,0,0,0
000-20090416002705,0,0,0,0,0,0,0
000-20090417002430,0,0,0,0,0,0,0
000-20090418172238,1.0,0.9615384615384616,0.9622641509433962,0.9803921568627451,177,4,8
000-20090419005226,0.9652294853963839,0.9048239895697523,0.8851113716295428,0.9340511440107672,2843,285,3
000-20090419175500,1.0,0.8674698795180723,0.8705882352941177,0.9290322580645161,284,7,4
000-20090420013034,0,0,0,0,0,0,0
000-20090420235106,0,0,0,0,0,0,0
000-20090422023859,0.9616858237547893,0.8422818791946308,0.8277945619335347,0.8980322003577818,1102,110,3
000-20090422203607,0,0,0,0,0,0,0
000-20090423092838,0,0,0,0,0,0,0
000-20090423181101,1.0,0.9836065573770492,0.9848484848484849,0.9917355371900827,221,18,17
000-20090424004737,0.9546925566343042,0.8625730994152047,0.8394736842105263,0.9062980030721965,1265,127,3
000-20090424171137,1.0,0.4375,0.5,0.6086956521739131,118,12,20
000-20090425005731,0,0,0,0,0,0,0
000-20090426025714,0,0,0,0,0,0,0
000-20090426175513,0,0,0,0,0,0,0
000-20090427010230,0.9798657718120806,0.8957055214723927,0.8895027624309392,0.9358974358974359,1207,121,6
000-20090427215826,0,0,0,0,0,0,0
000-20090428051631,0,0,0,0,0,0,0
000-20090429005954,0.9534313725490197,0.974937343358396,0.9346110484780158,0.9640644361833953,2957,296,8
000-20090430032332,0,0,0,0,0,0,0
000-20090501035138,0,0,0,0,0,0,0
000-20090502074907,0.9611650485436893,0.9488817891373802,0.9195402298850575,0.9549839228295821,2320,232,6
000-20090503033926,0,0,0,0,0,0,0
000-20090504023301,0,0,0,0,0,0,0
000-20090504203925,0,0,0,0,0,0,0
000-20090505032432,0,0,0,0,0,0,0
000-20090505195337,1.0,0.8409090909090909,0.8444444444444444,0.9135802469135803,151,3,4
000-20090506125906,0,0,0,0,0,0,0
000-20090507024201,0,0,0,0,0,0,0
000-20090507192952,0.9761904761904762,0.8541666666666666,0.84,0.9111111111111111,165,8,6
000-20090508015405,0,0,0,0,0,0,0
000-20090508100431,0.978494623655914,0.9191919191919192,0.9056603773584906,0.9479166666666667,354,23,5
000-20090509050136,0,0,0,0,0,0,0
000-20090509181636,1.0,1.0,1.0,1.0,172,5,12
000-20090510020206,0,0,0,0,0,0,0
000-20090510222007,1.0,0.9166666666666666,0.9230769230769231,0.9565217391304348,87,5,4
000-20090511064136,0,0,0,0,0,0,0
000-20090511174427,1.0,1.0,1.0,1.0,200,20,18
000-20090512013109,1.0,0.9148264984227129,0.916923076923077,0.9555189456342669,1083,25,8
000-20090512195558,0.9,1.0,0.9,0.9473684210526316,99,10,14
000-20090513054336,0.9808917197452229,0.8901734104046243,0.8860103626943006,0.9333333333333333,644,65,4
000-20090514015425,0,0,0,0,0,0,0
000-20090515014004,1.0,0.8556701030927835,0.856655290102389,0.9222222222222222,977,5,6
000-20090516091038,0,0,0,0,0,0,0
000-20090517054624,0,0,0,0,0,0,0
000-20090517220626,0,0,0,0,0,0,0
000-20090518064638,0,0,0,0,0,0,0
000-20090519094537,0,0,0,0,0,0,0
000-20090519174038,1.0,0.48484848484848486,0.5,0.653061224489796,113,4,19
000-20090520010901,0,0,0,0,0,0,0
000-20090520125535,1.0,0.8846153846153846,0.8928571428571429,0.9387755102040816,93,5,4
000-20090520210235,0,0,0,0,0,0,0
000-20090521045307,0.9861111111111112,0.8402366863905325,0.8304093567251462,0.9073482428115016,570,8,4
000-20090521231053,0.98046875,0.8422818791946308,0.8300653594771242,0.9061371841155235,1020,28,3
000-20090522094234,0.9797191887675507,0.9088277858176556,0.9010416666666666,0.942942942942943,2559,256,11
000-20090523011253,0,0,0,0,0,0,0
000-20090524094557,0.9902912621359223,0.8947368421052632,0.8968253968253969,0.9400921658986175,421,41,9
000-20090524215455,1.0,0.8888888888888888,0.8923076923076924,0.9411764705882353,217,8,15
000-20090525093647,0,0,0,0,0,0,0
000-20090526040256,0.9834254143646409,0.8640776699029126,0.8646288209606987,0.9198966408268734,764,77,3
000-20090526170706,1.0,0.9649122807017544,0.9661016949152542,0.9821428571428572,195,5,18
000-20090527080105,0.9577167019027484,0.9457202505219207,0.9135338345864662,0.9516806722689075,1772,177,9
000-20090528012338,0,0,0,0,0,0,0
000-20090530034445,0.9722222222222222,0.8765652951699463,0.8665594855305466,0.9219190968955786,2074,209,3
000-20090531031407,0,0,0,0,0,0,0
000-20090531192301,1.0,0.8064516129032258,0.8125,0.8928571428571428,105,4,4
000-20090601082932,0,0,0,0,0,0,0
000-20090602035536,0,0,0,0,0,0,0
000-20090602185307,1.0,0.7974683544303798,0.8012422360248447,0.8873239436619719,537,10,9
000-20090603064302,0,0,0,0,0,0,0
000-20090604053730,0,0,0,0,0,0,0
000-20090605012707,0.9688249400479616,0.9140271493212669,0.8961303462321792,0.940628637951106,1635,164,4
000-20090606060037,0.9676375404530745,0.8214285714285714,0.8148148148148148,0.8885586924219911,1349,135,3
000-20090607075255,0,0,0,0,0,0,0
000-20090607163831,0.9090909090909091,1.0,0.9090909090909091,0.9523809523809523,108,11,20
000-20090608060034,0,0,0,0,0,0,0
000-20090609002030,0.962037962037962,0.9601196410767697,0.9300448430493273,0.9610778443113772,3715,372,12
000-20090610062438,0,0,0,0,0,0,0
000-20090610223636,0,0,0,0,0,0,0
000-20090611221204,0,0,0,0,0,0,0
000-20090612072227,0,0,0,0,0,0,0
000-20090612220336,0,0,0,0,0,0,0
000-20090614065303,0,0,0,0,0,0,0
000-20090615055603,0,0,0,0,0,0,0
000-20090615183206,0,0,0,0,0,0,0
000-20090616054128,0,0,0,0,0,0,0
000-20090618005931,0,0,0,0,0,0,0
000-20090619004036,1.0,0.8763102725366876,0.8768267223382046,0.9340782122905028,1596,8,12
000-20090620024527,1.0,0.8324873096446701,0.8382352941176471,0.9085872576177285,681,25,7
000-20090621101407,0,0,0,0,0,0,0
000-20090622095432,0,0,0,0,0,0,0
000-20090623043635,0,0,0,0,0,0,0
000-20090623233404,0,0,0,0,0,0,0
000-20090624070430,0.9883720930232558,0.8947368421052632,0.8854166666666666,0.9392265193370165,639,8,6
000-20090624215736,1.0,0.88,0.8846153846153846,0.9361702127659575,86,4,18
000-20090625041631,0,0,0,0,0,0,0
000-20090626101307,1.0,0.864406779661017,0.8688524590163934,0.9272727272727274,609,21,4
000-20090627025208,1.0,0.9651162790697675,0.9659090909090909,0.9822485207100593,292,6,16
000-20090627101821,0,0,0,0,0,0,0
000-20090628005229,0,0,0,0,0,0,0
000-20090629011630,0,0,0,0,0,0,0
000-20090629173335,0.9960474308300395,0.9545454545454546,0.9528985507246377,0.9748549323017408,918,41,9
000-20090630045606,1.0,0.8607594936708861,0.8625,0.9251700680272108,801,9,7
000-20090701044033,1.0,0.7555555555555555,0.78,0.8607594936708861,167,17,20
000-20090701171936,1.0,1.0,1.0,1.0,93,8,9
000-20090702022530,0,0,0,0,0,0,0
000-20090703002800,0,0,0,0,0,0,0
000-20090704042634,0,0,0,0,0,0,0
000-20090705025307,0,0,0,0,0,0,0
001-20081023055305,0,0,0,0,0,0,0
001-20081023234104,0,0,0,0,0,0,0
001-20081024234405,0,0,0,0,0,0,0
001-20081025231428,0,0,0,0,0,0,0
001-20081026081229,0,0,0,0,0,0,0
001-20081027111634,0,0,0,0,0,0,0
001-20081027233029,1.0,0.8571428571428571,0.8590604026845637,0.923076923076923,497,6,16
001-20081027235802,1.0,0.7857142857142857,0.8,0.88,98,8,3
001-20081028102805,1.0,0.8115183246073299,0.8144329896907216,0.8959537572254336,646,11,5
001-20081028233053,1.0,0.86,0.8613861386138614,0.924731182795699,335,3,13
001-20081028235048,0,0,0,0,0,0,0
001-20081029110529,0.9946808510638298,0.8617511520737328,0.8584474885844748,0.9234567901234568,731,8,3
001-20081029234123,0,0,0,0,0,0,0
001-20081030233959,0,0,0,0,0,0,0
001-20081101004235,0,0,0,0,0,0,0
001-20081102030834,0,0,0,0,0,0,0
001-20081102233452,0,0,0,0,0,0,0
001-20081103133204,0,0,0,0,0,0,0
001-20081103233729,0,0,0,0,0,0,0
001-20081104054859,1.0,0.8581687612208259,0.8606701940035273,0.923671497584541,1888,33,14
001-20081104234436,0,0,0,0,0,0,0
001-20081105110052,0,0,0,0,0,0,0
001-20081106051423,0,0,0,0,0,0,0
001-20081106133604,1.0,0.906832298136646,0.9079754601226994,0.9511400651465798,542,5,5
001-20081106233404,0,0,0,0,0,0,0
001-20081108034358,0,0,0,0,0,0,0
001-20081109033335,0.9527326440177253,0.967016491754123,0.9271255060728745,0.9598214285714285,2471,247,8
001-20081110233534,0,0,0,0,0,0,0
001-20081111114304,1.0,0.8229166666666666,0.8247422680412371,0.9028571428571429,322,3,4
001-20081111234235,0,0,0,0,0,0,0
001-20081112234504,1.0,0.8699186991869918,0.8714859437751004,0.9304347826086956,831,10,7
001-20081113121334,0,0,0,0,0,0,0
001-20081113234558,0,0,0,0,0,0,0
001-20081114130723,0.983402489626556,0.8745387453874539,0.8707482993197279,0.92578125,980,76,20
001-20081115003535,0.9642857142857143,0.8829300196206671,0.8652148322542672,0.9218163195629909,5662,566,19
001-20081116024429,0,0,0,0,0,0,0
001-20081116235322,0,0,0,0,0,0,0
001-20081117042454,0,0,0,0,0,0,0
001-20081117234459,0,0,0,0,0,0,0
001-20081118003844,0.8974358974358975,0.9210526315789473,0.8372093023255814,0.9090909090909091,144,15,12
001-20081118132804,0,0,0,0,0,0,0
001-20081118235053,0,0,0,0,0,0,0
001-20081119104736,0,0,0,0,0,0,0
001-20081120121822,0,0,0,0,0,0,0
001-20081120234905,0,0,0,0,0,0,0
001-20081201102704,0,0,0,0,0,0,0
001-20081202000605,0,0,0,0,0,0,0
001-20081202145929,0,0,0,0,0,0,0
001-20081203000505,0,0,0,0,0,0,0
001-20081203112659,0,0,0,0,0,0,0
001-20081203235305,0,0,0,0,0,0,0
001-20081204142253,0.9915966386554622,0.6982248520710059,0.6941176470588235,0.8194444444444444,565,4,3
001-20081205002359,0,0,0,0,0,0,0
001-20081205143505,0,0,0,0,0,0,0
001-20081205235730,0,0,0,0,0,0,0
001-20081206040725,1.0,0.47058823529411764,0.5,0.6399999999999999,58,3,12
001-20081206083854,1.0,0.8888888888888888,0.9,0.9411764705882353,32,3,4
001-20081206084030,0.9310344827586207,0.84375,0.8,0.8852459016393444,116,9,10
001-20081207030135,0,0,0,0,0,0,0
001-20081208001534,0,0,0,0,0,0,0
001-20081208142853,0,0,0,0,0,0,0
001-20081209002004,0,0,0,0,0,0,0
001-20081210001529,0,0,0,0,0,0,0
001-20081210080559,0,0,0,0,0,0,0
001-20081210235522,0,0,0,0,0,0,0
001-20081211110523,0,0,0,0,0,0,0
001-20081212000534,0.9658314350797267,0.8531187122736419,0.8405797101449275,0.905982905982906,1841,184,3
001-20081212141923,0,0,0,0,0,0,0
001-20081213092204,0,0,0,0,0,0,0
001-20081214080334,0,0,0,0,0,0,0
001-20081214235553,0,0,0,0,0,0,0
022-20090110031933,0.958904109589041,0.9333333333333333,0.904,0.9459459459459458,2501,250,5
022-20090111061633,0,0,0,0,0,0,0
022-20090112051804,0.964633068081344,0.960387323943662,0.9326465927099842,0.9625055138950155,4207,421,6
022-20090113094804,0,0,0,0,0,0,0
022-20090114230822,0,0,0,0,0,0,0
022-20090116005004,0,0,0,0,0,0,0
022-20090117223222,0,0,0,0,0,0,0
022-20090120040252,0,0,0,0,0,0,0
022-20090120212134,0,0,0,0,0,0,0
022-20090203081234,0,0,0,0,0,0,0
022-20090204033634,0.9480122324159022,0.8857142857142857,0.8534704370179949,0.9158050221565731,3891,389,4
022-20090206044603,0,0,0,0,0,0,0
022-20090206224834,0,0,0,0,0,0,0
022-20090207092704,0,0,0,0,0,0,0
022-20090208050522,0,0,0,0,0,0,0
022-20090209022058,0,0,0,0,0,0,0
022-20090210010335,0,0,0,0,0,0,0
022-20090210083728,0.9464668094218416,0.9714285714285714,0.924901185770751,0.9587852494577006,1686,169,8
022-20090211154127,0,0,0,0,0,0,0
022-20090212011658,0,0,0,0,0,0,0
022-20090212103652,0,0,0,0,0,0,0
022-20090213023557,0,0,0,0,0,0,0
022-20090214030328,0,0,0,0,0,0,0
022-20090216044933,0.9502446982055465,0.9652029826014913,0.9231916480238628,0.957665433621044,4469,447,6
022-20090217084403,0.9688195991091314,0.8529411764705882,0.8430335097001763,0.9071949947862357,1891,189,3
022-20090219110435,0,0,0,0,0,0,0
022-20090220034329,0.9686411149825784,0.9246119733924612,0.9051896207584831,0.946114577424844,3339,334,5
022-20090220235358,0,0,0,0,0,0,0
022-20090222041103,0,0,0,0,0,0,0
022-20090223013458,1.0,1.0,1.0,1.0,41,4,5
022-20090223013921,0.9777777777777777,0.9214659685863874,0.910377358490566,0.9487870619946092,1412,141,4
022-20090304112717,0,0,0,0,0,0,0
022-20090305004834,0,0,0,0,0,0,0
022-20090307012251,0.9553805774278216,0.9693741677762983,0.9317365269461078,0.9623265036351619,2784,279,5
022-20090308010157,1.0,0.8898678414096917,0.8913043478260869,0.9417249417249417,766,10,7
022-20090308015737,0,0,0,0,0,0,0
022-20090308083628,0,0,0,0,0,0,0
022-20090309042903,0.95260663507109,0.9095022624434389,0.8780487804878049,0.9305555555555555,820,82,3
022-20090309124533,0,0,0,0,0,0,0
022-20090310002934,0,0,0,0,0,0,0
022-20090310124822,0,0,0,0,0,0,0
022-20090311012103,0,0,0,0,0,0,0
022-20090312021222,0.9858156028368794,0.8176470588235294,0.8092485549132948,0.8938906752411575,577,10,3
022-20090312124057,0,0,0,0,0,0,0
022-20090313022704,0,0,0,0,0,0,0
022-20090320121232,0,0,0,0,0,0,0
022-20090321025054,0.9966101694915255,0.900459418070444,0.9077134986225895,0.9460981496379727,2418,242,12
022-20090322052028,0,0,0,0,0,0,0
022-20090323000907,1.0,0.9417040358744395,0.9422222222222222,0.9699769053117783,751,6,7
022-20090324064808,0,0,0,0,0,0,0
022-20090326010354,0,0,0,0,0,0,0
022-20090327003702,0.9803921568627451,0.8620689655172413,0.8604651162790697,0.9174311926605505,428,43,3
022-20090402103456,0,0,0,0,0,0,0
022-20090403020507,0,0,0,0,0,0,0
022-20090405063006,0,0,0,0,0,0,0
022-20090408033801,0.975975975975976,0.8165829145728644,0.8071428571428572,0.8891928864569084,1400,72,7
022-20090408144751,1.0,0.7857142857142857,0.7954545454545454,0.88,146,5,19
022-20090409002328,0,0,0,0,0,0,0
022-20090410001221,0.9634782608695652,0.9524355300859599,0.9247034553893759,0.9579250720461095,6463,647,14
022-20090411164032,0,0,0,0,0,0,0
022-20090413001437,0,0,0,0,0,0,0
022-20090413131558,0.9790575916230366,0.7991452991452992,0.7857142857142857,0.88,793,13,6
022-20090414011304,0,0,0,0,0,0,0
022-20090415235538,0,0,0,0,0,0,0
022-20090417032525,0,0,0,0,0,0,0
022-20090418045734,1.0,0.8242574257425742,0.8251231527093597,0.9036635006784259,1354,7,6
022-20090419024851,0.967741935483871,0.8925619834710744,0.8764880952380952,0.9286328460877042,2241,224,4
022-20090422011155,0,0,0,0,0,0,0
022-20090423000103,0,0,0,0,0,0,0
022-20090423152905,0.9444444444444444,1.0,0.9444444444444444,0.9714285714285714,60,3,19
022-20090424142731,0,0,0,0,0,0,0
022-20090425045823,0,0,0,0,0,0,0
022-20090426030236,1.0,0.84,0.8431372549019608,0.9130434782608696,168,3,5
022-20090426120923,0.875,1.0,0.875,0.9333333333333333,25,3,3
022-20090426121143,0.9853658536585366,0.8451882845188284,0.8467432950191571,0.9099099099099099,871,75,5
022-20090427052253,0,0,0,0,0,0,0
022-20090428000237,0,0,0,0,0,0,0
022-20090428235106,0,0,0,0,0,0,0
022-20090429073007,0,0,0,0,0,0,0
022-20090430014307,0,0,0,0,0,0,0
022-20090501064754,0,0,0,0,0,0,0
022-20090502044205,0,0,0,0,0,0,0
022-20090504013301,0,0,0,0,0,0,0
022-20090505091437,0.991130820399113,0.8142076502732241,0.8137082601054482,0.894,1896,68,9
022-20090505235207,1.0,0.9090909090909091,0.9166666666666666,0.9523809523809523,39,2,4
022-20090505235557,0,0,0,0,0,0,0
022-20090506234838,0,0,0,0,0,0,0
022-20090507160759,0,0,0,0,0,0,0
022-20090509005007,0,0,0,0,0,0,0
022-20090509141500,0,0,0,0,0,0,0
022-20090510020907,0,0,0,0,0,0,0
022-20090511000217,0,0,0,0,0,0,0
022-20090512000434,0,0,0,0,0,0,0
022-20090513041800,0.9796215429403202,0.9628040057224606,0.9485199485199485,0.9711399711399711,2590,259,18
022-20090513171825,0,0,0,0,0,0,0
022-20090514135435,0,0,0,0,0,0,0
022-20090515001531,0,0,0,0,0,0,0
022-20090515223755,0,0,0,0,0,0,0
022-20090520141659,0,0,0,0,0,0,0
022-20090521040554,0,0,0,0,0,0,0
022-20090527134731,0,0,0,0,0,0,0
022-20090528111033,0.9624796084828712,0.9562398703403565,0.927007299270073,0.9593495934959351,2282,228,10
022-20090529044030,0,0,0,0,0,0,0
022-20090529145025,0,0,0,0,0,0,0
022-20090531161438,0,0,0,0,0,0,0
022-20090603103753,0,0,0,0,0,0,0
022-20090606030330,0,0,0,0,0,0,0
022-20090608001025,0,0,0,0,0,0,0
022-20090609001153,0,0,0,0,0,0,0
022-20090609232837,0,0,0,0,0,0,0
022-20090610232737,0,0,0,0,0,0,0
022-20090615060859,1.0,0.7142857142857143,0.7446808510638298,0.8333333333333333,155,15,20
022-20090615145004,1.0,0.8395061728395061,0.8414634146341463,0.912751677852349,273,3,14
022-20090615233430,0,0,0,0,0,0,0
022-20090617030954,0,0,0,0,0,0,0
022-20090618141034,1.0,0.8404255319148937,0.8421052631578947,0.9132947976878613,315,3,4
022-20090620013537,0,0,0,0,0,0,0
022-20090621014030,0,0,0,0,0,0,0
022-20090623071332,0,0,0,0,0,0,0
022-20090625235124,0,0,0,0,0,0,0
022-20090627074954,0,0,0,0,0,0,0
022-20090629002637,0,0,0,0,0,0,0
022-20090630002904,0,0,0,0,0,0,0
022-20090701110154,0,0,0,0,0,0,0
022-20090702053010,0,0,0,0,0,0,0
022-20090706070306,0.9559322033898305,0.9431438127090301,0.9096385542168675,0.9494949494949495,2212,221,8
022-20090706235307,0,0,0,0,0,0,0
022-20090707133001,0,0,0,0,0,0,0
022-20090709025206,0,0,0,0,0,0,0
022-20090711052205,0,0,0,0,0,0,0
022-20090713000234,0,0,0,0,0,0,0
022-20090714000506,0,0,0,0,0,0,0
022-20090714234904,0,0,0,0,0,0,0
022-20090716002654,0,0,0,0,0,0,0
022-20090716042557,0,0,0,0,0,0,0
022-20090717132508,0,0,0,0,0,0,0
022-20090721005532,0,0,0,0,0,0,0
022-20090721234300,1.0,0.8157894736842105,0.8333333333333334,0.898550724637681,141,14,4
022-20090723013354,0,0,0,0,0,0,0
022-20090724034333,0.984375,0.8181818181818182,0.8214285714285714,0.8936170212765957,278,23,10
022-20090724040924,0,0,0,0,0,0,0
022-20090726090535,0,0,0,0,0,0,0
022-20090727002804,0.961038961038961,0.8268156424581006,0.8140703517587939,0.8888888888888888,1325,133,3
