Nome, Precision, Recall, Accuracy, F-score,Num Linhas, Outliers, eps, Minvalues 
000-20081023025304,0.43333333333333335,0.6666666666666666,0.9742647058823529,0.48717948717948717,907,8,64.11,7
000-20081024020959,0.16666666666666666,0.3333333333333333,0.0410958904109589,0.2222222222222222,243,12,4.85,7
000-20081026134407,0.288,0.3948717948717949,0.9013452914798207,0.3196248196248196,744,35,8.09,7
000-20081028003826,0.08333333333333333,0.3333333333333333,0.002257336343115124,0.13333333333333333,1476,5,22.02,7
000-20081029093038,0.3076923076923077,0.3431372549019608,0.4074074074074074,0.2294642857142857,181,11,4.34,7
000-20081103232153,0.5,0.6666666666666666,0.9970104633781763,0.5555555555555555,2230,5,50.12,7
000-20081110013637,1.0,1.0,1.0,1.0,271,6,40.31,7
000-20081111001704,0.48148148148148145,0.6651376146788991,0.9887133182844243,0.5376952549366342,1476,14,9.24,7
000-20081112023003,1.0,1.0,1.0,1.0,680,16,18.71,7
000-20081113034608,1.0,1.0,1.0,1.0,493,17,53.85,7
000-20081114015255,0.75,0.995,0.9900990099009901,0.830820770519263,336,4,140.04,7
000-20081114101436,0.4166666666666667,0.6666666666666666,0.967032967032967,0.4666666666666666,304,4,217.28,7
000-20081115010133,1.0,1.0,1.0,1.0,280,6,44.35,7
000-20081117051133,0.15277777777777776,0.3333333333333333,0.4583333333333333,0.20952380952380953,80,36,9.15,7
000-20081117155223,0.20967741935483872,0.27777777777777773,0.3617021276595745,0.20170940170940174,313,26,7.92,7
000-20081118095400,0.6666666666666666,0.589041095890411,0.7763157894736842,0.6227390180878553,253,9,23.17,7
000-20081119012806,0.05555555555555555,0.3333333333333333,0.16666666666666666,0.09523809523809523,80,13,7.03,7
000-20081120035736,0.8333333333333333,0.9642857142857143,0.9375,0.8814814814814815,54,6,14.97,7
000-20081122012309,1.0,1.0,1.0,1.0,306,8,60.72,7
000-20081201111827,0.3125,0.42105263157894735,0.32727272727272727,0.30312500000000003,182,17,4.26,7
000-20081203032326,0.3333333333333333,0.3333333333333333,0.11538461538461539,0.3333333333333333,86,11,5.25,7
000-20081203151206,1.0,1.0,1.0,1.0,278,3,14.02,7
000-20081212042525,0.6666666666666666,0.5454545454545454,0.6435643564356436,0.5925925925925926,337,7,20.32,7
000-20081212101236,0.05,0.25,0.10344827586206896,0.08333333333333334,95,10,5.83,7
000-20081214011036,0.5238095238095238,0.44294117647058817,0.4090909090909091,0.3216645353793691,145,6,7.48,7
000-20090330005208,1.0,1.0,1.0,1.0,1327,27,80.68,7
000-20090331003904,0.14814814814814814,0.3333333333333333,0.009195402298850575,0.2051282051282051,1449,13,15.0,7
000-20090401050607,0.125,0.25,0.014423076923076924,0.16666666666666666,692,9,10.22,7
000-20090402060732,1.0,1.0,1.0,1.0,1006,10,86.61,7
000-20090403011657,0.23529411764705882,0.3996232634801036,0.9967105263157895,0.25981145415979257,14185,11,110.0,7
000-20090405051938,0.9444444444444444,0.9995808885163453,0.9991673605328892,0.9703785916882477,4003,25,30.65,7
000-20090406023702,0.42105263157894735,0.6605783866057838,0.9687034277198212,0.46915002560163854,2237,18,5.57,7
000-20090409182800,0.35555555555555557,0.4144144144144144,0.25,0.1721014492753623,132,3,2.32,7
000-20090410021935,1.0,1.0,1.0,1.0,1885,8,19.55,7
000-20090411052358,0.875,0.9992526158445441,0.9985119047619048,0.9281974569932685,2238,11,68.22,7
000-20090412004905,0.04838709677419355,0.25,0.15384615384615385,0.08108108108108107,128,18,3.13,7
000-20090412073303,0.6428571428571428,0.9952290076335878,0.9904942965779467,0.719825290295089,1753,6,16.16,7
000-20090413050806,0.75,0.9974048442906575,0.9948364888123924,0.8320323793003759,1935,9,24.52,7
000-20090413144632,0.04310344827586207,0.25,0.1724137931034483,0.07352941176470588,97,16,2.26,7
000-20090413213935,0.0375,0.2,0.003205128205128205,0.06315789473684211,3118,11,22.5,7
000-20090415000406,1.0,1.0,1.0,1.0,144,4,8.39,7
000-20090415074008,0.8888888888888888,0.9989775051124745,0.9970760233918129,0.9328213005632361,1139,6,6.42,7
000-20090416002705,1.0,1.0,1.0,1.0,1818,11,68.01,7
000-20090417002430,1.0,1.0,1.0,1.0,897,7,35.12,7
000-20090418172238,0.6428571428571428,0.9509803921568627,0.9056603773584906,0.6964490263459336,177,7,4.82,7
000-20090419005226,1.0,1.0,1.0,1.0,2843,13,14.74,7
000-20090419175500,0.047619047619047616,0.2,0.058823529411764705,0.07692307692307691,284,15,5.0,7
000-20090420013034,1.0,1.0,1.0,1.0,978,8,70.86,7
000-20090420235106,1.0,1.0,1.0,1.0,582,4,160.22,7
000-20090422023859,0.7,0.9954407294832827,0.9909365558912386,0.7834242093784078,1102,6,155.25,7
000-20090422203607,0.34920634920634924,0.43478260869565216,0.2857142857142857,0.18585858585858586,94,4,3.3,7
000-20090423181101,0.30357142857142855,0.3169642857142857,0.3181818181818182,0.19386909693454846,221,19,2.02,7
000-20090424004737,0.9523809523809524,0.9722222222222222,0.9973684210526316,0.959866220735786,1265,20,9.24,7
000-20090424171137,0.1111111111111111,0.3333333333333333,0.1111111111111111,0.16666666666666666,118,12,6.27,7
000-20090425005731,0.6111111111111112,0.6622939791456441,0.9869477911646586,0.6341628576265448,3320,16,32.75,7
000-20090426025714,1.0,1.0,1.0,1.0,2078,14,41.49,7
000-20090426175513,0.1125,0.2,0.2,0.144,151,31,8.01,7
000-20090427010230,1.0,1.0,1.0,1.0,1207,26,13.0,7
000-20090428051631,1.0,1.0,1.0,1.0,459,3,20.43,7
000-20090429005954,0.5,0.6651497914296549,0.9932356257046223,0.5547953883187634,2957,21,77.17,7
000-20090430032332,0.34375,0.49339708561020035,0.9736603088101726,0.38301799723119523,3669,10,8.0,7
000-20090501035138,0.7857142857142857,0.9979919678714859,0.996005326231691,0.8626303274190599,2504,12,22.5,7
000-20090502074907,1.0,1.0,1.0,1.0,2320,25,12.15,7
000-20090503033926,0.09523809523809523,0.3333333333333333,0.002824858757062147,0.14814814814814817,2358,7,37.35,7
000-20090504023301,0.4666666666666666,0.6179245283018867,0.8564814814814815,0.4975160547679632,721,13,10.01,7
000-20090504203925,0.1111111111111111,0.3333333333333333,0.3333333333333333,0.16666666666666666,78,25,3.0,7
000-20090505032432,0.5333333333333333,0.641156462585034,0.9246231155778895,0.5700707338638372,664,10,7.55,7
000-20090505195337,0.4102564102564103,0.5079365079365079,0.5555555555555556,0.3541666666666667,151,11,5.09,7
000-20090506125906,0.09333333333333334,0.3333333333333333,0.1206896551724138,0.14583333333333334,194,22,14.01,7
000-20090507024201,1.0,1.0,1.0,1.0,1079,13,45.34,7
000-20090507192952,0.04666666666666667,0.2,0.14,0.07567567567567567,165,23,9.02,7
000-20090508015405,0.5357142857142857,0.8333333333333333,0.675,0.4666666666666667,132,4,5.05,7
000-20090508100431,0.5,0.6412698412698413,0.9245283018867925,0.5423542354235423,354,3,6.41,7
000-20090509050136,0.75,0.9968944099378882,0.9938271604938271,0.8317757009345794,539,3,86.21,7
000-20090509181636,0.2121212121212121,0.32666666666666666,0.40384615384615385,0.17795918367346938,172,7,1.38,7
000-20090510222007,0.40740740740740744,0.4444444444444444,0.38461538461538464,0.28787878787878785,87,8,4.2,7
000-20090511064136,0.375,0.6666666666666666,0.9492753623188406,0.40740740740740744,460,5,7.19,7
000-20090511174427,0.8125,0.9727272727272727,0.95,0.8705966930265996,200,17,4.02,7
000-20090512013109,1.0,1.0,1.0,1.0,1083,16,30.89,7
000-20090512195558,0.05555555555555555,0.3333333333333333,0.06666666666666667,0.09523809523809523,99,5,3.03,7
000-20090513054336,1.0,1.0,1.0,1.0,644,7,66.3,7
000-20090514015425,0.6666666666666666,0.9900990099009901,0.9803921568627451,0.745,679,5,52.22,7
000-20090515014004,1.0,1.0,1.0,1.0,977,7,162.1,7
000-20090517054624,0.875,0.9983333333333333,0.9966996699669967,0.9277367040305271,1010,11,16.02,7
000-20090518064638,0.48,0.5276260504201681,0.9518716577540107,0.4705317104420244,1246,41,8.96,7
000-20090519174038,0.6875,0.712121212121212,0.5588235294117647,0.5206971677559913,113,3,6.01,7
000-20090520010901,0.2076923076923077,0.23783783783783785,0.14545454545454545,0.07845117845117845,184,4,3.99,7
000-20090520125535,0.6923076923076922,0.7653508771929824,0.5714285714285714,0.5562610229276895,93,3,6.05,7
000-20090520210235,0.013888888888888888,0.3333333333333333,0.041666666666666664,0.02666666666666666,78,4,5.02,7
000-20090521045307,0.3333333333333333,0.3333333333333333,0.011695906432748537,0.3333333333333333,570,6,32.01,7
000-20090522094234,0.6,0.6666666666666666,0.9973958333333334,0.6296296296296297,2559,25,23.26,7
000-20090523011253,0.9,0.9995446265938069,0.9990925589836661,0.9442166540116427,3674,14,150.0,7
000-20090524094557,0.39999999999999997,0.509641873278237,0.5476190476190477,0.3417417417417418,421,18,3.09,7
000-20090524215455,0.75,0.9921875,0.9846153846153847,0.8293963254593175,217,4,10.03,7
000-20090525093647,1.0,1.0,1.0,1.0,1371,8,76.28,7
000-20090526040256,1.0,1.0,1.0,1.0,764,10,25.06,7
000-20090526170706,0.06818181818181818,0.25,0.05084745762711865,0.10714285714285714,195,11,5.07,7
000-20090527080105,1.0,1.0,1.0,1.0,1772,13,25.5,7
000-20090528012338,0.5,0.6656586021505376,0.994994994994995,0.5550507599977564,3329,17,20.4,7
000-20090530034445,0.8333333333333333,0.9991935483870968,0.9983922829581994,0.8995964487489911,2074,6,956.73,7
000-20090531031407,0.75,0.5875,0.9273743016759777,0.6296296296296297,597,7,13.03,7
000-20090602035536,0.20833333333333334,0.3333333333333333,0.014005602240896359,0.25641025641025644,1188,17,11.89,7
000-20090602185307,0.07407407407407407,0.20222222222222222,0.024844720496894408,0.10341880341880343,537,9,8.25,7
000-20090603064302,1.0,1.0,1.0,1.0,1071,14,12.08,7
000-20090604053730,0.08333333333333333,0.3333333333333333,0.004545454545454545,0.13333333333333333,1467,7,11.22,7
000-20090605012707,0.0909090909090909,0.3333333333333333,0.006109979633401222,0.14285714285714285,1635,11,25.09,7
000-20090606060037,0.14285714285714285,0.3333333333333333,0.007407407407407408,0.19999999999999998,1349,9,17.03,7
000-20090607075255,0.05555555555555555,0.25,0.010309278350515464,0.0909090909090909,645,8,6.27,7
000-20090607163831,0.038461538461538464,0.25,0.12121212121212122,0.06666666666666668,108,13,2.54,7
000-20090608060034,1.0,1.0,1.0,1.0,874,4,16.64,7
000-20090609002030,0.7647058823529411,0.996383363471971,0.9928251121076234,0.8443389641211783,3715,30,5.0,7
000-20090610062438,1.0,1.0,1.0,1.0,626,5,31.12,7
000-20090610223636,1.0,1.0,1.0,1.0,1845,13,104.71,7
000-20090611221204,0.027777777777777776,0.16666666666666666,0.05,0.047619047619047616,266,13,11.48,7
000-20090612072227,0.3333333333333333,0.3333333333333333,0.004739336492890996,0.3333333333333333,704,4,12.01,7
000-20090612220336,1.0,1.0,1.0,1.0,4783,8,253.03,7
000-20090614065303,0.16666666666666666,0.3333333333333333,0.004807692307692308,0.2222222222222222,1386,8,20.0,7
000-20090615055603,0.625,0.9844559585492227,0.9692307692307692,0.6921052631578948,648,7,10.0,7
000-20090615183206,0.5526315789473684,0.6458333333333334,0.34615384615384615,0.3210445468509985,86,8,2.2,7
000-20090616054128,0.875,0.9990706319702602,0.9981515711645101,0.9281063122923587,3607,20,68.89,7
000-20090618005931,0.1111111111111111,0.3333333333333333,0.006172839506172839,0.16666666666666666,539,5,18.53,7
000-20090619004036,0.3194444444444444,0.4978494623655914,0.9728601252609603,0.3576157385670016,1596,15,15.03,7
000-20090620024527,0.8333333333333333,0.9975247524752475,0.9950980392156863,0.8987593052109182,681,8,105.73,7
000-20090621101407,0.5454545454545454,0.6666666666666666,0.9928443649373881,0.5925925925925926,1863,22,15.03,7
000-20090622095432,0.8333333333333333,0.9978448275862069,0.9957264957264957,0.8989200863930886,778,8,27.9,7
000-20090623043635,0.8,0.9981515711645101,0.9963235294117647,0.874074074074074,1813,9,210.15,7
000-20090624070430,1.0,1.0,1.0,1.0,639,6,191.64,7
000-20090624215736,1.0,1.0,1.0,1.0,86,3,111.0,7
000-20090625041631,0.75,0.923076923076923,0.9950083194675541,0.7565217391304347,2002,3,25.0,7
000-20090626101307,0.27777777777777773,0.1923076923076923,0.08743169398907104,0.1777777777777778,609,8,12.63,7
000-20090627025208,0.35714285714285715,0.4441176470588235,0.7840909090909091,0.3685430463576159,292,9,3.0,7
000-20090627101821,0.048,0.2,0.011090573012939002,0.07741935483870968,1802,21,9.01,7
000-20090628005229,1.0,1.0,1.0,1.0,5847,9,191.79,7
000-20090629011630,0.125,0.3333333333333333,0.0050335570469798654,0.1818181818181818,1985,11,10.34,7
000-20090629173335,1.0,1.0,1.0,1.0,918,10,69.09,7
000-20090630045606,1.0,1.0,1.0,1.0,801,8,39.61,7
000-20090701044033,0.42424242424242425,0.5609756097560976,0.68,0.4133885438233264,167,20,2.1,7
000-20090701171936,0.8333333333333334,0.9649122807017544,0.9285714285714286,0.8703703703703702,93,5,6.08,7
000-20090702022530,0.5454545454545454,0.6666666666666666,0.9976838448176027,0.5925925925925926,5756,22,40.31,7
000-20090703002800,1.0,1.0,1.0,1.0,1787,14,57.06,7
000-20090705025307,0.9166666666666667,0.9992732558139534,0.9985569985569985,0.9541818181818182,2311,17,10.24,7
001-20081023055305,1.0,1.0,1.0,1.0,960,7,41.8,7
001-20081023234104,1.0,1.0,1.0,1.0,2127,9,148.27,7
001-20081024234405,0.8571428571428572,0.9995276334435522,0.9990574929311969,0.9164303717706364,7074,17,132.38,7
001-20081025231428,0.75,0.9990917347865577,0.9981867633726201,0.8328787878787878,3675,6,58.93,7
001-20081026081229,0.14285714285714285,0.3333333333333333,0.003089598352214212,0.19999999999999998,3235,8,26.08,7
001-20081027111634,0.6666666666666666,0.4925170068027211,0.4838709677419355,0.5488029465930019,826,9,19.11,7
001-20081027233029,0.16589861751152074,0.19047619047619047,0.12751677852348994,0.11111111111111109,497,16,8.17,7
001-20081028102805,0.75,0.7306629834254144,0.9278350515463918,0.7399425287356322,646,6,25.41,7
001-20081028233053,0.013888888888888888,0.16666666666666666,0.039603960396039604,0.025641025641025644,335,12,10.13,7
001-20081029110529,0.6666666666666666,0.6498470948012233,0.9497716894977168,0.6580392156862745,731,3,17.6,7
001-20081029234123,1.0,1.0,1.0,1.0,1987,11,154.05,7
001-20081030233959,0.6428571428571428,0.994343891402715,0.9887387387387387,0.7193780811528252,1481,6,118.09,7
001-20081101004235,0.9,0.9995491433724075,0.9991015274034142,0.9442189144489551,3711,13,29.07,7
001-20081102030834,0.7142857142857143,0.996551724137931,0.9931389365351629,0.7982698961937715,1942,10,37.35,7
001-20081103133204,0.5909090909090909,0.9680851063829787,0.9370629370629371,0.6373626373626373,477,6,3.19,7
001-20081104054859,0.875,0.999113475177305,0.9982363315696648,0.9281277728482697,1888,10,65.66,7
001-20081105110052,1.0,1.0,1.0,1.0,5717,5,169.06,7
001-20081106051423,0.08,0.2,0.02631578947368421,0.1142857142857143,253,5,8.52,7
001-20081106133604,1.0,1.0,1.0,1.0,542,5,9.45,7
001-20081106233404,0.5333333333333333,0.6309111880046135,0.8931034482758621,0.5644424131627056,2899,9,81.0,7
001-20081108034358,0.5833333333333334,0.6637426900584795,0.9912510936132983,0.6175791902664148,3811,10,9.57,7
001-20081109033335,0.75,0.9993243243243244,0.9986504723346828,0.8329952670723462,2471,5,117.72,7
001-20081111114304,0.03076923076923077,0.2,0.020618556701030927,0.053333333333333344,322,7,6.04,7
001-20081111234235,1.0,1.0,1.0,1.0,1611,11,133.33,7
001-20081112234504,0.75,0.997983870967742,0.9959839357429718,0.8323232323232324,831,5,73.04,7
001-20081113121334,1.0,1.0,1.0,1.0,494,3,20.98,7
001-20081114130723,0.225,0.31833910034602075,0.5918367346938775,0.19314009661835746,980,9,3.35,7
001-20081115003535,1.0,1.0,1.0,1.0,5662,12,73.82,7
001-20081116024429,1.0,1.0,1.0,1.0,2788,22,54.92,7
001-20081117042454,0.5,0.6662975267626431,0.9966960352422908,0.5553708833487226,3027,11,69.43,7
001-20081117234459,1.0,1.0,1.0,1.0,693,3,52.75,7
001-20081118003844,0.03888888888888889,0.16666666666666666,0.16279069767441862,0.06306306306306306,144,23,4.06,7
001-20081118132804,1.0,1.0,1.0,1.0,820,16,4.7,7
001-20081119104736,0.6666666666666666,0.99812382739212,0.9962546816479401,0.7490601503759399,1778,3,5.24,7
001-20081120121822,1.0,1.0,1.0,1.0,696,20,13.73,7
001-20081120234905,0.6666666666666666,0.9961240310077519,0.9922779922779923,0.7480544747081712,862,3,8.08,7
001-20081201102704,1.0,1.0,1.0,1.0,720,5,20.25,7
001-20081202145929,0.038461538461538464,0.25,0.013888888888888888,0.06666666666666668,481,8,9.93,7
001-20081203235305,0.8333333333333333,0.9982014388489209,0.9964285714285714,0.8990990990990991,933,5,60.01,7
001-20081204142253,1.0,1.0,1.0,1.0,565,12,6.5,7
001-20081205002359,0.75,0.99609375,0.9922480620155039,0.8313725490196078,858,5,37.78,7
001-20081205235730,1.0,1.0,1.0,1.0,2867,10,157.08,7
001-20081206084030,0.024691358024691357,0.16666666666666666,0.11428571428571428,0.04301075268817204,116,14,12.04,7
001-20081207030135,1.0,1.0,1.0,1.0,2563,10,43.86,7
001-20081208142853,0.5416666666666666,0.6420454545454546,0.9281767955801105,0.5769608955449663,602,16,5.07,7
001-20081209002004,0.8888888888888888,0.999519461797213,0.9990421455938697,0.9372596153846154,6958,22,64.48,7
001-20081210001529,0.35000000000000003,0.6437246963562754,0.924,0.3531995607467306,834,4,4.44,7
001-20081210080559,0.06666666666666667,0.2,0.011441647597254004,0.1,1455,16,12.15,7
001-20081210235522,0.14285714285714285,0.3333333333333333,0.011278195488721804,0.19999999999999998,887,9,21.43,7
001-20081211110523,0.13333333333333333,0.3333333333333333,0.007246376811594203,0.1904761904761905,918,8,5.22,7
001-20081212000534,0.9,0.9990875912408759,0.9981884057971014,0.9439878234398783,1841,12,78.49,7
001-20081212141923,0.6428571428571428,0.9878048780487805,0.9758454106280193,0.7160493827160493,690,5,6.41,7
001-20081213092204,0.5,0.6666666666666666,0.9991208791208791,0.5555555555555555,7583,8,80.01,7
001-20081214080334,1.0,1.0,1.0,1.0,896,4,60.33,7
022-20090110031933,0.15934065934065936,0.14629948364888126,0.028,0.03627933932193567,2501,11,12.83,7
022-20090111061633,1.0,1.0,1.0,1.0,2054,5,47.76,7
022-20090112051804,0.7083333333333334,0.9972155926809865,0.9944532488114105,0.7927215561134705,4207,17,21.03,7
022-20090113094804,0.9,0.9998434564809017,0.9996873045653534,0.9443661604300402,10661,14,92.74,7
022-20090114230822,1.0,1.0,1.0,1.0,1444,7,68.62,7
022-20090116005004,0.8,0.9998137108792846,0.9996276298640849,0.874906838084591,17903,9,187.0,7
022-20090117223222,0.6666666666666666,0.9991642988467324,0.9983299933199733,0.749581799933088,19959,17,128.0,7
022-20090120040252,0.5370370370370371,0.6586666666666666,0.9702537182852143,0.5821583135557727,3809,36,7.37,7
022-20090120212134,1.0,1.0,1.0,1.0,3703,11,133.66,7
022-20090203081234,0.7857142857142857,0.9963709677419355,0.9928115015974441,0.8618152385857769,4173,40,7.66,7
022-20090204033634,0.9166666666666667,0.9995697074010327,0.9991431019708654,0.9543302156302587,3891,17,33.08,7
022-20090206044603,1.0,1.0,1.0,1.0,4238,11,59.55,7
022-20090206224834,1.0,1.0,1.0,1.0,2328,8,27.0,7
022-20090207092704,0.75,0.998165137614679,0.9963436928702011,0.8324142156862744,1823,6,78.01,7
022-20090208050522,0.3482142857142857,0.303347280334728,0.2310838445807771,0.22895667550839965,1628,35,13.02,7
022-20090209022058,0.8214285714285714,0.998686974789916,0.9973863042341872,0.8906469720701049,6377,31,14.31,7
022-20090210010335,0.375,0.43552631578947365,0.7178217821782178,0.3796576032225579,673,12,9.34,7
022-20090210083728,0.8125,0.9939516129032258,0.9881422924901185,0.8815727882665003,1686,32,5.11,7
022-20090211154127,0.6666666666666666,0.9928741092636579,0.9858490566037735,0.7464114832535885,1414,9,6.75,7
022-20090212011658,0.041666666666666664,0.25,0.014634146341463415,0.07142857142857142,682,10,4.1,7
022-20090212103652,0.4615384615384615,0.5303030303030303,0.5454545454545454,0.4328042328042328,111,16,3.69,7
022-20090213023557,0.9210526315789473,0.999182561307902,0.9983792544570502,0.9567338034204682,6169,53,10.41,7
022-20090214030328,0.5384615384615384,0.6662346079066753,0.9967824967824968,0.5870854178247175,5180,28,17.19,7
022-20090216044933,0.5098039215686274,0.6450477626948216,0.9313944817300522,0.5529308311849231,4469,31,13.92,7
022-20090217084403,0.8571428571428571,0.989496188882692,0.9841269841269841,0.9037972389353518,1891,40,5.85,7
022-20090219110435,1.0,1.0,1.0,1.0,203,5,19.63,7
022-20090220034329,0.8333333333333333,0.9995,0.999001996007984,0.8997498749374687,3339,8,11.0,7
022-20090220235358,0.6,0.6648488979777323,0.9945615227736234,0.6287182602972078,4903,13,110.17,7
022-20090222041103,0.6,0.6591720199857245,0.975635593220339,0.6258397000140369,3145,27,7.33,7
022-20090223013921,0.06818181818181818,0.25,0.007075471698113208,0.10714285714285714,1412,10,119.23,7
022-20090304112717,0.411764705882353,0.6555555555555556,0.8266666666666667,0.45466774280333605,251,13,4.76,7
022-20090305004834,0.5454545454545454,0.6665014866204163,0.9980276134122288,0.5925099821010602,6759,24,28.12,7
022-20090307012251,1.0,1.0,1.0,1.0,2784,15,45.19,7
022-20090308010157,0.05,0.2,0.017391304347826087,0.08,766,14,8.31,7
022-20090308015737,0.5,0.4791666666666667,0.5,0.42512077294685985,61,6,10.25,7
022-20090308083628,0.3333333333333333,0.4982311320754717,0.9614512471655329,0.374112426035503,1469,9,4.86,7
022-20090309042903,0.5952380952380952,0.5617021276595745,0.6991869918699187,0.5643771043771043,820,35,7.05,7
022-20090309124533,0.07142857142857142,0.25,0.03532008830022075,0.11111111111111112,1510,52,5.23,7
022-20090310002934,0.2363636363636364,0.3794759825327511,0.8978260869565218,0.2507214304682659,1533,5,5.23,7
022-20090310124822,0.18421052631578946,0.18921095008051528,0.14018691588785046,0.07146234380276933,714,7,5.89,7
022-20090311012103,0.5789473684210527,0.6663015699160277,0.9981851179673321,0.6159789677597897,9183,48,29.02,7
022-20090312021222,0.1869918699186992,0.17429193899782136,0.06936416184971098,0.050815217391304346,577,15,3.14,7
022-20090312124057,1.0,1.0,1.0,1.0,824,13,6.49,7
022-20090313022704,0.45098039215686275,0.664804469273743,0.9435897435897436,0.5063126699955345,649,20,9.7,7
022-20090320121232,1.0,1.0,1.0,1.0,926,5,122.79,7
022-20090321025054,0.34210526315789475,0.4996468926553672,0.9834710743801653,0.38443870617015496,2418,25,7.02,7
022-20090322052028,0.9444444444444444,0.999599679743795,0.9992044550517104,0.9703879950057717,4188,28,35.36,7
022-20090323000907,0.5555555555555555,0.6666666666666666,0.9866666666666667,0.6,751,20,10.96,7
022-20090324064808,1.0,1.0,1.0,1.0,266,14,13.29,7
022-20090326010354,1.0,1.0,1.0,1.0,2783,19,62.01,7
022-20090327003702,0.08,0.2,0.031007751937984496,0.1142857142857143,428,14,10.23,7
022-20090402103456,0.25,0.3333333333333333,0.023622047244094488,0.2857142857142857,845,19,7.87,7
022-20090403020507,0.4761904761904762,0.6658064516129033,0.9948717948717949,0.5329026701119725,2599,9,69.38,7
022-20090405063006,0.3653846153846154,0.4776785714285714,0.9,0.3962124938514511,966,21,6.38,7
022-20090408033801,0.22857142857142856,0.3937007874015748,0.8904761904761904,0.2468,1400,16,4.17,7
022-20090408144751,0.47222222222222227,0.4761904761904762,0.45454545454545453,0.396078431372549,146,16,6.92,7
022-20090409002328,0.75,0.9431818181818182,0.952755905511811,0.7700258397932817,846,13,7.05,7
022-20090410001221,0.90625,0.9992211838006231,0.998452810727179,0.9478861504555595,6463,44,10.05,7
022-20090411164032,1.0,1.0,1.0,1.0,1194,10,18.38,7
022-20090413001437,0.3125,0.4992977528089888,0.9834710743801653,0.34964838255977493,2420,13,9.08,7
022-20090413131558,0.4444444444444444,0.6637806637806638,0.9747899159663865,0.4985507246376811,793,11,7.13,7
022-20090414011304,0.6666666666666666,0.64030131826742,0.9226519337016574,0.6529411764705882,602,13,7.6,7
022-20090417032525,0.6111111111111112,0.6647135416666666,0.9928940568475452,0.6353842044341554,5160,34,26.52,7
022-20090418045734,1.0,1.0,1.0,1.0,1354,6,99.21,7
022-20090419024851,0.875,0.9992526158445441,0.9985119047619048,0.9281974569932685,2241,11,10.05,7
022-20090422011155,0.7272727272727273,0.9977186311787072,0.9954545454545455,0.8113567073170732,4399,17,78.57,7
022-20090423000103,0.775,0.9962121212121212,0.9924937447873228,0.8529375689930088,3997,35,10.05,7
022-20090423152905,0.29545454545454547,0.46875,0.5,0.31025641025641026,60,7,5.17,7
022-20090425045823,0.5151515151515151,0.6666666666666666,0.9962797619047619,0.5686274509803921,4481,21,40.05,7
022-20090426030236,0.7272727272727272,0.8421052631578947,0.8235294117647058,0.6657824933687003,168,7,15.35,7
022-20090426121143,1.0,1.0,1.0,1.0,871,8,141.42,7
022-20090427052253,0.9285714285714286,0.9995547640249332,0.9991142604074402,0.9613157443892411,3763,20,37.9,7
022-20090428000237,0.6666666666666666,0.6982758620689655,0.9951485748938751,0.6711538461538462,5496,53,11.72,7
022-20090429073007,0.5666666666666667,0.6666666666666666,0.9962640099626401,0.6078431372549019,2675,23,20.04,7
022-20090430014307,0.5384615384615384,0.6666666666666666,0.996551724137931,0.5873015873015873,4833,25,38.46,7
022-20090501064754,0.41666666666666663,0.4625,0.020535714285714286,0.4297297297297297,3734,20,19.2,7
022-20090502044205,0.5,0.6666666666666666,0.9977155910908052,0.5555555555555555,11674,27,84.77,7
022-20090504013301,0.35714285714285715,0.6315789473684211,0.8950819672131147,0.3592592592592592,1015,4,8.49,7
022-20090505091437,1.0,1.0,1.0,1.0,1896,8,113.78,7
022-20090505235557,0.39285714285714285,0.4988761238761239,0.9876360039564788,0.43125497781317557,6739,14,77.34,7
022-20090507160759,0.14285714285714285,0.3333333333333333,0.041666666666666664,0.19999999999999998,239,10,12.26,7
022-20090509005007,0.03333333333333333,0.2,0.01818181818181818,0.05714285714285714,366,7,9.87,7
022-20090509141500,0.35555555555555557,0.5166666666666667,0.5,0.27822580645161293,227,3,4.06,7
022-20090510020907,0.9523809523809524,0.9996400287976962,0.9989361702127659,0.9741788915208688,3132,19,31.32,7
022-20090511000217,0.75,0.9985576923076923,0.99712368168744,0.8326111378590917,3477,9,251.18,7
022-20090512000434,0.5208333333333334,0.6666666666666666,0.9963692946058091,0.5733333333333334,6426,29,60.21,7
022-20090513041800,0.4722222222222222,0.4928478543563069,0.9716859716859717,0.48166614930932794,2590,25,11.21,7
022-20090513171825,0.5416666666666666,0.666304741223308,0.9935897435897436,0.5895625287260269,3119,34,6.27,7
022-20090514135435,0.3333333333333333,0.3333333333333333,0.024242424242424242,0.3333333333333333,549,12,22.2,7
022-20090515001531,0.4375,0.4368421052631579,0.7489711934156379,0.4281411359724613,1621,30,3.01,7
022-20090515223755,0.8333333333333333,0.9974747474747474,0.995,0.8987341772151899,666,6,12.34,7
022-20090520141659,0.4444444444444444,0.463768115942029,0.4166666666666667,0.3541666666666667,161,6,12.05,7
022-20090521040554,1.0,1.0,1.0,1.0,760,8,88.96,7
022-20090527134731,0.12820512820512822,0.3333333333333333,0.052083333333333336,0.1851851851851852,320,16,10.97,7
022-20090528111033,0.9,0.9992657856093979,0.9985401459854014,0.9440770675157155,2282,12,34.0,7
022-20090529044030,0.19480519480519481,0.23376623376623376,0.06179775280898876,0.1873015873015873,592,12,6.25,7
022-20090529145025,0.4222222222222222,0.45098039215686275,0.42105263157894735,0.31426392067124337,126,12,4.03,7
022-20090531161438,0.5178571428571428,0.6710526315789473,0.992896174863388,0.4864583333333333,6101,3,126.44,7
022-20090603103753,1.0,1.0,1.0,1.0,2412,29,30.25,7
022-20090606030330,0.8333333333333333,0.9979522184300341,0.995937711577522,0.8989740082079343,4922,40,31.75,7
022-20090608001025,0.5238095238095238,0.666323377960865,0.9969293756397134,0.5755858429737873,3257,12,51.0,7
022-20090609001153,0.7777777777777778,0.9950248756218906,0.9901719901719902,0.8546428571428571,5426,65,5.1,7
022-20090609232837,0.59375,0.6944444444444444,0.9973628691983122,0.6051136363636364,6319,10,81.06,7
022-20090610232737,0.6818181818181819,0.9982349974785678,0.9964771011575239,0.7657826050349414,6622,12,125.51,7
022-20090615060859,0.39999999999999997,0.5503875968992248,0.6382978723404256,0.37402190923317685,155,7,5.9,7
022-20090615145004,1.0,1.0,1.0,1.0,273,8,12.6,7
022-20090615233430,0.358974358974359,0.6645216645216645,0.9922928709055877,0.3798764179655077,5191,4,145.0,7
022-20090617030954,0.5,0.6666666666666666,0.9963976945244957,0.5555555555555555,4627,16,55.06,7
022-20090618141034,0.25,0.25,0.021052631578947368,0.25,315,8,10.05,7
022-20090620013537,0.5294117647058824,0.6663886572143453,0.994238683127572,0.5801078508629615,4050,34,58.88,7
022-20090621014030,0.5111111111111111,0.6662447257383967,0.9956057752667922,0.5650062872300392,5311,26,49.15,7
022-20090623071332,0.3472222222222222,0.31971153846153844,0.2919254658385093,0.24902255639097748,1072,24,4.01,7
022-20090625235124,0.75,0.9991031390134529,0.9982094897045658,0.832884500299222,3723,7,87.24,7
022-20090627074954,1.0,1.0,1.0,1.0,3011,19,52.25,7
022-20090629002637,0.45,0.5,0.9857493857493858,0.4722222222222222,6782,26,50.02,7
022-20090630002904,0.5555555555555555,0.6666666666666666,0.9981429897864438,0.6,7180,28,53.25,7
022-20090701110154,0.5555555555555555,0.4261603375527426,0.2962962962962963,0.41188118811881186,270,8,10.01,7
022-20090706070306,0.35,0.4996124031007752,0.9819277108433735,0.39266319405962546,2212,28,12.95,7
022-20090706235307,0.4444444444444444,0.6666666666666666,0.994261119081779,0.5,2324,6,106.89,7
022-20090707133001,0.8333333333333333,0.9996712689020382,0.9993434011818779,0.8998355804011838,10152,14,106.04,7
022-20090709025206,0.8333333333333333,0.9998137108792846,0.9996276991809382,0.8999068380845912,8953,5,260.07,7
022-20090711052205,1.0,1.0,1.0,1.0,13538,23,115.73,7
022-20090713000234,0.39247311827956993,0.4317243890597184,0.8986111111111111,0.38094917824545305,2398,35,4.55,7
022-20090714000506,0.9545454545454546,0.9996544574982723,0.9993136582017845,0.9760176452191661,4856,34,31.62,7
022-20090714234904,0.7857142857142857,0.999229979466119,0.9984631147540983,0.8632510566751512,6507,12,181.18,7
022-20090716002654,0.4222222222222222,0.3824367816091954,0.5920398009950248,0.28242957746478875,669,6,5.03,7
022-20090716042557,0.4444444444444444,0.6664504270731971,0.9987042436022028,0.499891845122215,10288,7,130.16,7
022-20090717132508,0.4666666666666666,0.6647873206790703,0.9940839515447459,0.5228671943711521,35497,12,91.55,7
022-20090721005532,0.9,0.9994594594594595,0.9989235737351991,0.9441740280031248,6192,28,72.48,7
022-20090721234300,0.24137931034482757,0.3625,0.4523809523809524,0.2478817733990148,141,21,2.54,7
022-20090723013354,0.5454545454545454,0.666455562592358,0.9974826935179358,0.5924870071211534,5295,24,40.85,7
022-20090724034333,0.25,0.26,0.30952380952380953,0.17230769230769233,278,6,6.05,7
022-20090724040924,0.8,0.9985559566787003,0.9971243709561467,0.8742769342010122,4635,19,50.09,7
022-20090726090535,0.05555555555555555,0.3333333333333333,0.011627906976744186,0.09523809523809523,286,3,8.0,7
022-20090727002804,0.31666666666666665,0.30833333333333335,0.02763819095477387,0.19985775248933144,1325,13,19.11,7
